  1   9999516735812.    
  2   20264880.32694    
  3  0.2639480781665E+14
  4   26788140.59319    
  5   200166479.3516    
  6   26184.31479274    
  7   19686.53838963    
  8   105721.2356113    
  9   84.18785571527    
 10   48737.08103116    
 11   94608.78731228    
 12   595.5641584738    
 13   59.94482675805    
 14   136.7729548135    
 15  0.1815218348595E-02
 16   438.6391760674    
 17   9973596578255.    
 18   20298584.43494    
 19  0.1321171989734E+15
 20   134114690.8517    
 21   995776050.9442    
 22   129770.0482031    
 23   488184.0753248    
 24   1517573.259559    
 25   1258.480856370    
 26   3470767.305352    
 27   5734375.250905    
 28   32354.54362631    
 29   18208.43703200    
 30   20525.59408787    
 31   2.652381432717    
 32   328850.6845977    
 33   9992723566111.    
 34   20230376.80695    
 35  0.2634791881008E+16
 36   2678287560.297    
 37   16992714784.57    
 38   2081764.270189    
 39   166677982.7402    
 40   30428120.41664    
 41   31752.86403108    
 42   1362050995.508    
 43   867588446.7672    
 44   1283517.289046    
 45   54972240.15908    
 46   1476606.921509    
 47   155001.7310030    
 48   473132447.7592    
 49  0.2158342080902E+14
 50   94226798.04874    
 51  0.2641814172886E+14
 52   57741473.26045    
 53   926265174.7286    
 54   261253.8537858    
 55   91174.29117010    
 56   966783.5302774    
 57   1656.701870808    
 58   426654.4761344    
 59   1711120.517226    
 60   23202.63240468    
 61   1090.252963799    
 62   5287.056287511    
 63  0.3343194775519E-01
 64   9660.158993600    
 65  0.2153765836285E+14
 66   94028576.85430    
 67  0.1320983824039E+15
 68   288882886.6626    
 69   4589099232.754    
 70   1286387.115248    
 71   2254603.320788    
 72   9944722.518077    
 73   17788.64924215    
 74   21312712.36459    
 75   63125969.43295    
 76   766772.6815074    
 77   200274.6969938    
 78   471360.9224164    
 79   29.47199706742    
 80   4304086.539668    
 81  0.2155774899193E+14
 82   94056143.18083    
 83  0.2642304737745E+16
 84   5782106134.718    
 85   69567146616.09    
 86   18289879.60169    
 87   681931329.8136    
 88   128525743.8225    
 89   314223.7697052    
 90   5230612150.397    
 91   4411427011.596    
 92   14053009.76644    
 93   279705588.4500    
 94   15345312.16454    
 95   788435.7706962    
 96   2801632623.909    
 97  0.4652598695351E+14
 98   437853100.9819    
 99  0.2638438597929E+14
100   124381540.0528    
101   4288556296.733    
102   2598964.123157    
103   421101.1413541    
104   8182431.162294    
105   30350.50534424    
106   3284088.846744    
107   26340148.92002    
108   767248.8970906    
109   16775.78560426    
110   173717.9222704    
111  0.5178994696515    
112   164823.0012944    
113  0.4649295859228E+14
114   436842940.7814    
115  0.1318789345523E+15
116   622453742.8079    
117   20892053210.51    
118   12588426.87867    
119   10247007.17420    
120   55290839.56486    
121   217119.8487197    
122   101553849.7629    
123   474430598.4578    
124   12429046.36547    
125   1506905.392240    
126   7488257.450924    
127   222.4530117306    
128   35417518.00404    
129  0.4636264606639E+14
130   436650111.5780    
131  0.2638273415859E+16
132   12430585616.66    
133   251507651067.6    
134   142781103.4786    
135   2465615197.902    
136   523742504.8075    
137   3110237.510610    
138   17544910732.33    
139   17401372045.64    
140   119209552.4025    
141   1100978681.823    
142   126709994.1406    
143   3102191.247038    
144   11932095261.50    
145  0.1000162209223E+15
146   2028623491.550    
147  0.2642798517151E+14
148   268085895.0840    
149   19655489322.51    
150   25694694.83593    
151   1931972.562379    
152   64074702.59514    
153   513724.9860415    
154   20999121.53726    
155   311825020.9442    
156   19623158.99814    
157   200440.9503288    
158   4434140.635719    
159   6.239009238380    
160   2063457.647323    
161  0.1001123125191E+15
162   2025500158.032    
163  0.1321277961968E+15
164   1340147062.949    
165   92279448423.47    
166   119966070.7664    
167   45262449.74477    
168   317810175.8850    
169   2758674.586065    
170   428347480.9426    
171   2728279401.639    
172   154119879.1072    
173   8698190.801199    
174   92321372.59617    
175   1287.348722689    
176   214376987.7821    
177  0.9982095167239E+14
178   2025731857.811    
179  0.2642066892301E+16
180   26780003111.67    
181   778916003175.3    
182   952715166.7197    
183   7637889553.707    
184   2154689867.535    
185   27952009.33939    
186   51903326980.54    
187   55765349210.62    
188   824474450.7807    
189   3538306724.367    
190   865626925.4134    
191   9989663.895083    
192   39938162461.07    
193  0.2153706112420E+15
194   9412993592.440    
195  0.2639214422034E+14
196   577765570.6678    
197   88855705458.05    
198   249327795.3264    
199   8727824.772489    
200   492523895.2188    
201   8563269.114686    
202   111067179.0719    
203   2735515417.420    
204   370783379.6357    
205   1779852.213621    
206   84187873.79406    
207   55.50780060378    
208   18668750.19139    
209  0.2156391940023E+15
210   9398129001.634    
211  0.1320595490926E+15
212   2886883011.668    
213   379500207788.5    
214   1066073901.161    
215   186615265.0381    
216   2078795927.363    
217   39460822.65878    
218   1737291519.975    
219   13348425334.98    
220   1623543706.511    
221   42848659.43122    
222   971047062.1372    
223   6328.211776055    
224   1073883299.518    
225  0.2155421201203E+15
226   9384162773.783    
227  0.2639508143197E+16
228   57742272038.08    
229   2086474743249.    
230   5492043736.918    
231   20441660984.41    
232   9048858691.818    
233   220125636.3836    
234   134676110099.5    
235   152147077981.3    
236   4846545659.932    
237   9612515467.144    
238   5055555158.898    
239   27140931.55835    
240   110978444612.5    
241  0.4639076020709E+15
242   43660803878.96    
243  0.2639487038126E+14
244   1243320473.855    
245   384274315368.3    
246   2323639270.685    
247   37824241.99340    
248   3998875997.838    
249   149410607.5889    
250   509709695.1550    
251   18072623549.36    
252   5280977748.213    
253   12169575.46872    
254   1218267019.495    
255   378.3029284700    
256   127087452.0932    
257  0.4642125825051E+15
258   43719794668.65    
259  0.1319760857671E+15
260   6226430446.143    
261   1358217765464.    
262   8198214696.820    
263   666697221.1236    
264   13959909181.29    
265   558638200.9097    
266   6329064467.875    
267   54175856345.64    
268   14216535309.59    
269   176614884.5544    
270   8574233252.248    
271   26076.32565516    
272   4450821837.593    
273  0.4637107722308E+15
274   43589068769.93    
275  0.2636840806205E+16
276   124488351117.7    
277   5043293343772.    
278   28586649097.32    
279   49337764624.35    
280   38793107453.49    
281   1648284522.433    
282   316563480316.8    
283   370976146409.3    
284   25400796821.63    
285   23352225272.00    
286   26424376522.65    
287   66036305.27138    
288   272685885733.1    
289  0.5000545194044E+14
290   506769790.5775    
291  0.2642666033078E+14
292   134191057.7210    
293   4980345448.809    
294   3244097.973643    
295   488458.9241539    
296   10019063.61845    
297   40073.41505466    
298   3968722.782926    
299   33853343.47095    
300   1065940.837545    
301   21616.05565413    
302   240654.7584975    
303  0.6704307884402    
304   213393.1612101    
305  0.4992793021272E+14
306   507446220.0637    
307  0.1321215653390E+15
308   670495147.4836    
309   24146815883.10    
310   15725323.30897    
311   11853193.34118    
312   65283584.99504    
313   277015.0774149    
314   117135878.8234    
315   567175043.9087    
316   15967310.42565    
317   1803122.105058    
318   9649153.375117    
319   266.0075044858    
320   42678596.08087    
321  0.5007047752817E+14
322   505341550.9820    
323  0.2639925503217E+16
324   13399272911.01    
325   282996018951.4    
326   172620521.9131    
327   2778156816.565    
328   599597910.5761    
329   3868800.134899    
330   19563978985.64    
331   19624858176.96    
332   145309861.3836    
333   1242061855.215    
334   153744179.5648    
335   3498895.201361    
336   13568106401.58    
