   823.29253822112946  
   4734.7852445874214       
   3.6149851852241091E-004   
   1.2012986599422549E-003   
   30.298706890095399        
   6.0668022483116452E-006   
   177.72073792143490        
   5.3435482268242003E-006   
   6.0778183168747350E-004   
   3.8689508862407899E-003 
   1.6637487631829044E-005   
   5.4398103455008728        
   1.4834708113297027E-006   
   2.8210296929586819E-006  
   0.10145648872052300        
   4.6115858668875701E-002   
   3.7512339207819725E-009   
   2.0844817703727756E-003   
   1.8722817108664897E-005   
   1.2221666286829977E-008   
   1.6671508087849970E-008  
   0.79335641370159149        
   6.4063550360611951E-007   
   1.7090246149281002E-009   
   1.8802787697102102E-005   
   3.5670175191862802E-010   
   37.881640218354121        
   9.0749949001710228E-006   
   1.3279167217937064E-009   
   1.7719344920644395E-003   
   8.8496051001488413E-002   
   7.4200035223177618E-006   
   3.0021393917321087E-005   
   6.4431276711433473E-009   
   892.42233298607050        
   2.2316300640256750E-010   
   1.1721962947772213E-004   
   2.1210549417721560E-011   
   1.3173965480451454E-011