-17.8500000000000
1.87226890756303
-35.8200000000000
2.01535455053043
-52.6000000000000
1.90171102661597
-70.1000000000000
1.92282453637661
-16
1.75875000000000
-45
1.57822222222222
1.46800000000000
1.94222222222222
2.35933333333333
2.39377777777778
3.36088888888889
4.24666666666667
-1.62000000000000
12.0493827160494
-64.4600000000000
1.62038473471921
1.42863791498604
1.78606887992554
2.09401179025752
2.22122246354328
2.84424449270866
3.48758920260627
-7.74000000000000
7.12532299741602
-116.600000000000
1.52650085763293
1.24502572898799
1.44759862778731
1.90677530017153
2.23456260720412
-12.3000000000000
6.63008130081301
-164.350000000000
1.52741101308184
1.16738667477943
1.77091572862793
-221.650000000000
1.50006767426122