    823.23996774     
    4734.8357867     
   0.75095763471E-03 
   0.74000392885E-03 
    30.130446961     
   0.22059544047E-01 
    177.69218171     
   0.19697811558E-01 
   0.13414131120E-02 
   0.16679608650E-02 
   0.13801158665E-02 
    5.6581153347     
   0.24185433710E-01 
   0.27800439324E-01 
   0.67453774548E-01 
   0.43444207933E-01 
   0.35240119124E-03 
   0.15307336263E-02 
   0.70535153684E-04 
   0.23777728215E-03 
   0.79688457602E-04 
   0.76266483118     
   0.24246360496E-02 
   0.89269091494E-03 
   0.97205737973E-03 
   0.43965100339E-03 
    38.199076437     
   0.15158144762E-01 
   0.82993785490E-02 
   0.24719756469E-01 
   0.39511564735E-01 
   0.18261923166E-01 
   0.61020642088E-02 
   0.31521845739E-02 
    892.24345022     
   0.25330682972E-03 
   0.99171081413E-03 
   0.71197990346E-03 
   0.59993316733E-03 